{
 "cells": [
  {
   "cell_type": "code",
   "execution_count": 22,
   "metadata": {
    "ExecuteTime": {
     "end_time": "2020-10-07T12:04:53.607837Z",
     "start_time": "2020-10-07T12:04:53.560423Z"
    }
   },
   "outputs": [],
   "source": [
    "from classo.solve_R2 import pathlasso_R2, Classo_R2, problem_R2\n",
    "from classo.solve_R1 import pathlasso_R1, Classo_R1, problem_R1\n",
    "from classo import random_data\n",
    "import numpy as np\n",
    "\n",
    "m,d,d_nonzero,k,sigma =5,10,2,0,0.5\n",
    "matrices,sol = random_data(m,d,d_nonzero,k,sigma,zerosum=True,seed=5)"
   ]
  },
  {
   "cell_type": "code",
   "execution_count": 31,
   "metadata": {
    "ExecuteTime": {
     "end_time": "2020-10-07T14:14:20.626077Z",
     "start_time": "2020-10-07T14:14:20.395288Z"
    },
    "run_control": {
     "marked": true
    }
   },
   "outputs": [],
   "source": [
    "rho = 1.5 \n",
    "lambdas = np.linspace(1.,1e-1,80)\n",
    "pb = problem_R2(matrices,'DR',rho)\n",
    "\n",
    "r = pb.lambdamax/(2*rho)\n",
    "pb.compute_param()"
   ]
  },
  {
   "cell_type": "code",
   "execution_count": 32,
   "metadata": {
    "ExecuteTime": {
     "end_time": "2020-10-07T14:14:21.394186Z",
     "start_time": "2020-10-07T14:14:21.368129Z"
    }
   },
   "outputs": [],
   "source": [
    "pb.init_R1()\n",
    "pb.add_r(r=r)\n",
    "pb1 = pb.prob_R1"
   ]
  },
  {
   "cell_type": "code",
   "execution_count": 33,
   "metadata": {
    "ExecuteTime": {
     "end_time": "2020-10-07T14:14:21.925804Z",
     "start_time": "2020-10-07T14:14:21.852453Z"
    }
   },
   "outputs": [
    {
     "name": "stdout",
     "output_type": "stream",
     "text": [
      "[[ 3.30144058  0.58386303  2.31976916 -0.60557888  0.93300205  0.63726902\n",
      "  -2.02423059 -1.21275954  1.91600461  0.45832881  1.33608919 -3.61183279\n",
      "  -2.96939704  2.40145956 -0.92615924]\n",
      " [ 0.58386303  1.5127568  -0.02789485  0.21582717 -0.64475914 -1.76519624\n",
      "  -0.65486948 -0.95272671  0.4602614  -0.87035601 -1.00191408 -0.62039039\n",
      "  -2.59465303 -1.91247384 -1.44662742]\n",
      " [ 2.31976916 -0.02789485  6.80776665 -0.42451316  0.02251993  3.6053549\n",
      "  -2.56130413 -1.74629451  0.96206429 -0.96067905  7.36066361 -1.08657663\n",
      "  -2.64015363 -0.01875892  0.30504719]\n",
      " [-0.60557888  0.21582717 -0.42451316  0.74279254 -1.35217083 -0.68844718\n",
      "   1.28404249  1.46432837 -1.07140334  0.32347868 -0.76336488  1.82738362\n",
      "  -1.27940415 -0.30604472  1.07630987]\n",
      " [ 0.93300205 -0.64475914  0.02251993 -1.35217083  3.85185449  2.3842837\n",
      "  -1.66070792 -3.45544618  2.45349856 -1.32405279  0.33191161 -5.04117722\n",
      "   3.01733804 -0.15839529  0.81641836]\n",
      " [ 0.63726902 -1.76519624  3.6053549  -0.68844718  2.3842837   5.23332006\n",
      "  -0.68163755 -1.52408175  0.90113279 -0.78981742  4.79194061 -2.12022521\n",
      "   2.15729615  0.75466064  3.91221844]\n",
      " [-2.02423059 -0.65486948 -2.56130413  1.28404249 -1.66070792 -0.68163755\n",
      "   3.4930748   3.48214518 -2.31071317  1.23015327 -2.75326362  3.48654861\n",
      "   0.17909579  0.59853821  3.45006574]\n",
      " [-1.21275954 -0.95272671 -1.74629451  1.46432837 -3.45544618 -1.52408175\n",
      "   3.48214518  5.95799922 -3.20121248  3.46600548 -1.79154601  5.62421869\n",
      "  -1.10014845  4.04207989  1.4972242 ]\n",
      " [ 1.91600461  0.4602614   0.96206429 -1.07140334  2.45349856  0.90113279\n",
      "  -2.31071317 -3.20121248  2.43953889 -1.13853224  0.56808483 -4.57603103\n",
      "   0.00995901 -0.26306965 -1.0184661 ]\n",
      " [ 0.45832881 -0.87035601 -0.96067905  0.32347868 -1.32405279 -0.78981742\n",
      "   1.23015327  3.46600548 -1.13853224  2.98437011 -0.99888538  1.95267478\n",
      "  -0.32076995  4.72850509 -0.30467218]\n",
      " [ 1.33608919 -1.00191408  7.36066361 -0.76336488  0.33191161  4.79194061\n",
      "  -2.75326362 -1.79154601  0.56808483 -0.99888538  9.16950266  0.\n",
      "   0.          0.          0.        ]\n",
      " [-3.61183279 -0.62039039 -1.08657663  1.82738362 -5.04117722 -2.12022521\n",
      "   3.48654861  5.62421869 -4.57603103  1.95267478  0.          9.16950266\n",
      "   0.          0.          0.        ]\n",
      " [-2.96939704 -2.59465303 -2.64015363 -1.27940415  3.01733804  2.15729615\n",
      "   0.17909579 -1.10014845  0.00995901 -0.32076995  0.          0.\n",
      "   9.16950266  0.          0.        ]\n",
      " [ 2.40145956 -1.91247384 -0.01875892 -0.30604472 -0.15839529  0.75466064\n",
      "   0.59853821  4.04207989 -0.26306965  4.72850509  0.          0.\n",
      "   0.          9.16950266  0.        ]\n",
      " [-0.92615924 -1.44662742  0.30504719  1.07630987  0.81641836  3.91221844\n",
      "   3.45006574  1.4972242  -1.0184661  -0.30467218  0.          0.\n",
      "   0.          0.          9.16950266]]\n",
      "[[ 3.30144058  0.58386303  2.31976916 -0.60557888  0.93300205  0.63726902\n",
      "  -2.02423059 -1.21275954  1.91600461  0.45832881  0.          0.\n",
      "   0.          0.          0.        ]\n",
      " [ 0.58386303  1.5127568  -0.02789485  0.21582717 -0.64475914 -1.76519624\n",
      "  -0.65486948 -0.95272671  0.4602614  -0.87035601  0.          0.\n",
      "   0.          0.          0.        ]\n",
      " [ 2.31976916 -0.02789485  6.80776665 -0.42451316  0.02251993  3.6053549\n",
      "  -2.56130413 -1.74629451  0.96206429 -0.96067905  0.          0.\n",
      "   0.          0.          0.        ]\n",
      " [-0.60557888  0.21582717 -0.42451316  0.74279254 -1.35217083 -0.68844718\n",
      "   1.28404249  1.46432837 -1.07140334  0.32347868  0.          0.\n",
      "   0.          0.          0.        ]\n",
      " [ 0.93300205 -0.64475914  0.02251993 -1.35217083  3.85185449  2.3842837\n",
      "  -1.66070792 -3.45544618  2.45349856 -1.32405279  0.          0.\n",
      "   0.          0.          0.        ]\n",
      " [ 0.63726902 -1.76519624  3.6053549  -0.68844718  2.3842837   5.23332006\n",
      "  -0.68163755 -1.52408175  0.90113279 -0.78981742  0.          0.\n",
      "   0.          0.          0.        ]\n",
      " [-2.02423059 -0.65486948 -2.56130413  1.28404249 -1.66070792 -0.68163755\n",
      "   3.4930748   3.48214518 -2.31071317  1.23015327  0.          0.\n",
      "   0.          0.          0.        ]\n",
      " [-1.21275954 -0.95272671 -1.74629451  1.46432837 -3.45544618 -1.52408175\n",
      "   3.48214518  5.95799922 -3.20121248  3.46600548  0.          0.\n",
      "   0.          0.          0.        ]\n",
      " [ 1.91600461  0.4602614   0.96206429 -1.07140334  2.45349856  0.90113279\n",
      "  -2.31071317 -3.20121248  2.43953889 -1.13853224  0.          0.\n",
      "   0.          0.          0.        ]\n",
      " [ 0.45832881 -0.87035601 -0.96067905  0.32347868 -1.32405279 -0.78981742\n",
      "   1.23015327  3.46600548 -1.13853224  2.98437011  0.          0.\n",
      "   0.          0.          0.        ]\n",
      " [ 0.          0.          0.          0.          0.          0.\n",
      "   0.          0.          0.          0.          0.          0.\n",
      "   0.          0.          0.        ]\n",
      " [ 0.          0.          0.          0.          0.          0.\n",
      "   0.          0.          0.          0.          0.          0.\n",
      "   0.          0.          0.        ]\n",
      " [ 0.          0.          0.          0.          0.          0.\n",
      "   0.          0.          0.          0.          0.          0.\n",
      "   0.          0.          0.        ]\n",
      " [ 0.          0.          0.          0.          0.          0.\n",
      "   0.          0.          0.          0.          0.          0.\n",
      "   0.          0.          0.        ]\n",
      " [ 0.          0.          0.          0.          0.          0.\n",
      "   0.          0.          0.          0.          0.          0.\n",
      "   0.          0.          0.        ]]\n"
     ]
    }
   ],
   "source": [
    "AtA = pb1.AtA\n",
    "A = pb1.matrix[0]\n",
    "print(pb1.AtA)\n",
    "beta1 = Classo_R1(pb1, 0.1)[:d]\n",
    "print(pb1.AtA)"
   ]
  },
  {
   "cell_type": "code",
   "execution_count": null,
   "metadata": {},
   "outputs": [],
   "source": []
  }
 ],
 "metadata": {
  "kernelspec": {
   "display_name": "Python 3",
   "language": "python",
   "name": "python3"
  },
  "language_info": {
   "codemirror_mode": {
    "name": "ipython",
    "version": 3
   },
   "file_extension": ".py",
   "mimetype": "text/x-python",
   "name": "python",
   "nbconvert_exporter": "python",
   "pygments_lexer": "ipython3",
   "version": "3.6.8"
  },
  "toc": {
   "base_numbering": 1,
   "nav_menu": {},
   "number_sections": true,
   "sideBar": true,
   "skip_h1_title": false,
   "title_cell": "Table of Contents",
   "title_sidebar": "Contents",
   "toc_cell": false,
   "toc_position": {},
   "toc_section_display": true,
   "toc_window_display": false
  }
 },
 "nbformat": 4,
 "nbformat_minor": 4
}
